# Закон Ципфа
# Rank	Frequency	Term	Zipf_Theoretical
1	1375344	n	1375344.00
2	1365768	the	687672.00
3	636998	in	458448.00
4	467229	and	343836.00
5	403101	of	275068.80
6	391625	a	229224.00
7	344612	to	196477.71
8	286232	was	171918.00
9	214192	race	152816.00
10	207769	for	137534.40
11	182591	with	125031.27
12	176404	at	114612.00
13	158514	de	105795.69
14	149640	on	98238.86
15	138600	rac	91689.60
16	136850	der	85959.00
17	134133	championship	80902.59
18	133335	he	76408.00
19	124899	by	72386.53
20	119919	team	68767.20
21	118464	his	65492.57
22	118456	as	62515.64
23	110900	driv	59797.57
24	110735	в	57306.00
25	109091	und	55013.76
26	101892	s	52897.85
27	96491	season	50938.67
28	95834	ser	49119.43
29	95667	1	47425.66
30	92192	die	45844.80
31	90968	en	44365.94
32	87468	car	42979.50
33	84486	is	41677.09
34	84292	from	40451.29
35	80052	an	39295.54
36	76950	first	38204.00
37	68655	finish	37171.46
38	67798	el	36193.26
39	66034	la	35265.23
40	65519	it	34383.60
41	61689	grand	33544.98
42	61240	second	32746.29
43	61020	и	31984.74
44	60783	2	31257.82
45	60663	von	30563.20
46	60654	one	29898.78
47	60208	that	29262.64
48	59305	nthe	28653.00
49	59057	formula	28068.24
50	58739	were	27506.88
51	57578	world	26967.53
52	57294	prix	26448.92
53	56031	на	25949.89
54	55536	time	25469.33
55	55285	point	25006.25
56	54184	aft	24559.71
57	54076	two	24128.84
58	50532	also	23712.83
59	50091	den	23310.92
60	50082	mit	22922.40
61	49520	had	22546.62
62	49272	3	22182.97
63	48975	y	21830.86
64	48262	год	21489.75
65	47708	result	21159.14
66	47416	year	20838.55
67	45666	would	20527.52
68	45398	lap	20225.65
69	44763	engine	19932.52
70	44755	posit	19647.77
71	44424	round	19371.04
72	44245	start	19102.00
73	44147	won	18840.33
74	41687	das	18585.73
75	41343	speedway	18337.92
76	39679	but	18096.63
77	39091	war	17861.61
78	38833	cars	17632.62
79	38823	which	17409.42
80	38821	auf	17191.80
81	38464	pole	16979.56
82	37643	motor	16772.49
83	37470	fin	16570.41
84	37344	–	16373.14
85	37018	dem	16180.52
86	36721	place	15992.37
87	35724	4	15808.55
88	35485	be	15628.91
89	35147	refer	15453.30
90	34828	no	15281.60
91	34773	motorsport	15113.67
92	34459	event	14949.39
93	34217	des	14788.65
94	33741	5	14631.32
95	33633	care	14477.31
96	33323	cup	14326.50
97	33288	ein	14178.80
98	33108	third	14034.12
99	32961	nin	13892.36
100	32301	new	13753.44
101	32042	three	13617.27
102	31684	rennen	13483.76
103	31514	class	13352.85
104	31350	track	13224.46
105	31094	held	13098.51
106	31073	wurde	12974.94
107	31066	qualify	12853.68
108	30933	—	12734.67
109	30802	not	12617.83
110	30486	с	12503.13
111	30471	their	12390.49
112	29859	er	12279.86
113	29793	who	12171.19
114	29701	winn	12064.42
115	29666	this	11959.51
116	29268	lead	11856.41
117	29238	ferrari	11755.08
118	29014	only	11655.46
119	28887	up	11557.51
120	28880	sport	11461.20
121	28589	für	11366.48
122	27806	nascar	11273.31
123	27725	ref	11181.66
124	27635	km	11091.48
125	27530	im	11002.75
126	26233	circuit	10915.43
127	25977	top	10829.48
128	25930	stand	10744.88
129	25755	its	10661.58
130	25677	dur	10579.57
131	25203	win	10498.81
132	25198	6	10419.27
133	25013	all	10340.93
134	24965	con	10263.76
135	24911	ral	10187.73
136	24662	laps	10112.82
137	24644	als	10039.01
138	24423	un	9966.26
139	24388	был	9894.56
140	24330	over	9823.89
141	23679	end	9754.21
142	23616	del	9685.52
143	23404	champ	9617.79
144	23395	que	9551.00
145	23221	zu	9485.13
146	23212	has	9420.16
147	23025	into	9356.08
148	22954	eine	9292.86
149	22702	intern	9230.50
150	22619	le	9168.96
151	22617	four	9108.24
152	22589	design	9048.32
153	22576	out	8989.18
154	22432	took	8930.81
155	22211	made	8873.19
156	22176	follow	8816.31
157	22060	are	8760.15
158	21747	sich	8704.71
159	21737	0	8649.96
160	21650	24	8595.90
161	21626	formel	8542.51
162	21529	while	8489.78
163	21068	compet	8437.69
164	20778	fastest	8386.24
165	20728	both	8335.42
166	20720	гонк	8285.20
167	20702	british	8235.59
168	20372	name	8186.57
169	20076	before	8138.13
170	19882	when	8090.26
171	19768	gt	8042.95
172	19743	mans	7996.19
173	19722	es	7949.97
174	19711	fia	7904.28
175	19667	los	7859.11
176	19512	500	7814.45
177	19508	ind	7770.31
178	19437	bei	7726.65
179	19377	am	7683.49
180	19160	10	7640.80
181	19135	8	7598.59
182	18994	hour	7556.84
183	18791	команд	7515.54
184	18747	link	7474.70
185	18310	develop	7434.29
186	18281	com	7394.32
187	18207	speed	7354.78
188	18123	rid	7315.66
189	18022	or	7276.95
190	18022	five	7238.65
191	18006	part	7200.75
192	17995	7	7163.25
193	17934	ford	7126.13
194	17841	se	7089.40
195	17834	form	7053.05
196	17696	extern	7017.06
197	17599	carrera	6981.44
198	17537	includ	6946.18
199	17511	off	6911.28
200	17488	they	6876.72
201	17345	return	6842.51
202	17192	vehicle	6808.63
203	17098	him	6775.09
204	17058	title	6741.88
205	17024	12	6709.00
206	16869	по	6676.43
207	16790	por	6644.17
208	16563	las	6612.23
209	16558	lat	6580.59
210	16449	porsche	6549.26
211	16381	been	6518.22
212	16293	​	6487.47
213	16244	open	6457.01
214	16238	road	6426.84
215	16218	oth	6396.95
216	16211	nach	6367.33
217	16101	nation	6337.99
218	16007	за	6308.92
219	15998	renault	6280.11
220	15987	model	6251.56
221	15921	tour	6223.28
222	15907	most	6195.24
223	15829	auto	6167.46
224	15786	пр	6139.93
225	15618	unit	6112.64
226	15609	due	6085.59
227	15583	su	6058.78
228	15530	play	6032.21
229	15510	used	6005.87
230	15484	born	5979.76
231	15479	сезон	5953.87
232	15424	einem	5928.21
233	15378	gp	5902.76
234	15322	vor	5877.54
235	15308	debut	5852.53
236	15305	last	5827.73
237	15244	complete	5803.14
238	15223	american	5778.76
239	15207	back	5754.58
240	15194	aus	5730.60
241	15136	para	5706.82
242	15131	mclaren	5683.24
243	14960	being	5659.85
244	14923	fourth	5636.66
245	14829	where	5613.65
246	14798	2010	5590.83
247	14751	own	5568.19
248	14724	record	5545.74
249	14707	чемпионат	5523.47
250	14655	motorcycle	5501.38
251	14648	15	5479.46
252	14623	front	5457.71
253	14575	podium	5436.14
254	14490	prei	5414.74
255	14488	В	5393.51
256	14338	mov	5372.44
257	14337	scor	5351.53
258	14274	2008	5330.79
259	14273	award	5310.21
260	14246	2009	5289.78
261	14223	key	5269.52
262	14159	game	5249.40
263	14156	из	5229.44
264	14134	then	5209.64
265	14097	practice	5189.98
266	14063	h	5170.47
267	13967	club	5151.10
268	13939	2011	5131.88
269	13923	non	5112.80
270	13840	9	5093.87
271	13823	more	5075.07
272	13804	2019	5056.41
273	13740	tank	5037.89
274	13703	bold	5019.50
275	13672	runn	5001.25
276	13627	led	4983.13
277	13621	Формул	4965.14
278	13616	since	4947.28
279	13514	2012	4929.55
280	13510	2007	4911.94
281	13482	run	4894.46
282	13464	2022	4877.11
283	13463	2014	4859.87
284	13439	wheel	4842.76
285	13432	2023	4825.77
286	13416	until	4808.90
287	13370	european	4792.14
288	13353	20	4775.50
289	13340	manufactur	4758.98
290	13334	began	4742.57
291	13326	una	4726.27
292	13321	bmw	4710.08
293	13264	2020	4694.01
294	13248	join	4678.04
295	13240	pow	4662.18
296	13232	einen	4646.43
297	13227	2021	4630.79
298	13163	ent	4615.25
299	13157	full	4599.81
300	13137	не	4584.48
301	13112	have	4569.25
302	13099	2016	4554.12
303	13080	best	4539.09
304	12978	2013	4524.16
305	12975	system	4509.32
306	12963	drive	4494.59
307	12960	2006	4479.95
308	12951	auch	4465.40
309	12879	2015	4450.95
310	12862	f1	4436.59
311	12828	schumach	4422.33
312	12805	announc	4408.15
313	12779	victory	4394.07
314	12723	howev	4380.08
315	12684	league	4366.17
316	12630	2018	4352.35
317	12601	turn	4338.62
318	12566	mile	4324.98
319	12552	between	4311.42
320	12519	2017	4297.95
321	12482	sess	4284.56
322	12456	nicht	4271.25
323	12436	may	4258.03
324	12421	2000	4244.89
325	12372	fue	4231.83
326	12295	each	4218.85
327	12282	мест	4205.94
328	12261	ersten	4193.12
329	12242	septemb	4180.38
330	12232	hatte	4167.71
331	12157	test	4155.12
332	12117	truck	4142.60
333	12047	behind	4130.16
334	12042	product	4117.80
335	12022	2024	4105.50
336	12009	ear	4093.29
337	12001	mercede	4081.14
338	11996	william	4069.07
339	11976	fórmula	4057.06
340	11945	16	4045.13
341	11929	30	4033.27
342	11808	six	4021.47
343	11799	saison	4009.75
344	11736	red	3998.09
345	11688	ahead	3986.50
346	11666	history	3974.98
347	11651	hamilton	3963.53
348	11644	chassi	3952.14
349	11642	al	3940.81
350	11635	work	3929.55
351	11624	2005	3918.36
352	11556	ital	3907.23
353	11555	march	3896.16
354	11518	became	3885.15
355	11513	august	3874.21
356	11512	equipo	3863.33
357	11487	than	3852.50
358	11455	19	3841.74
359	11425	competit	3831.04
360	11421	company	3820.40
361	11421	11	3809.82
362	11412	italian	3799.29
363	11323	did	3788.83
364	11286	campeonato	3778.42
365	11182	18	3768.07
366	11117	mm	3757.77
367	11108	bas	3747.53
368	11103	14	3737.35
369	11075	он	3727.22
370	11033	beim	3717.15
371	10971	replac	3707.13
372	10906	will	3697.16
373	10862	well	3687.25
374	10849	built	3677.39
375	10815	ten	3667.58
376	10804	octob	3657.83
377	10787	set	3648.13
378	10743	honda	3638.48
379	10719	fahr	3628.88
380	10688	state	3619.33
381	10673	again	3609.83
382	10637	australian	3600.38
383	10630	2025	3590.98
384	10616	known	3581.62
385	10596	overall	3572.32
386	10575	july	3563.07
387	10565	lotu	3553.86
388	10552	vers	3544.70
389	10551	13	3535.59
390	10456	sup	3526.52
391	10435	park	3517.50
392	10432	kw	3508.53
393	10405	großen	3499.60
394	10404	000	3490.72
395	10401	zum	3481.88
396	10397	перв	3473.09
397	10365	fifth	3464.34
398	10309	25	3455.64
399	10298	gener	3446.98
400	10298	group	3438.36
401	10297	long	3429.79
402	10283	2004	3421.25
403	10277	entry	3412.76
404	10271	june	3404.32
405	10243	april	3395.91
406	10211	sein	3387.55
407	10209	through	3379.22
408	10204	same	3370.94
409	10118	runde	3362.70
410	10107	crash	3354.50
411	10095	котор	3346.34
412	10089	field	3338.21
413	10077	piloto	3330.13
414	9921	Гран	3322.09
415	9830	автомобил	3314.08
416	9806	left	3306.12
417	9764	17	3298.19
418	9745	mark	3290.30
419	9744	21	3282.44
420	9737	high	3274.63
421	9720	а	3266.85
422	9711	seat	3259.11
423	9705	nВ	3251.40
424	9653	bis	3243.74
425	9652	challenge	3236.10
426	9629	como	3228.51
427	9609	дл	3220.95
428	9561	platz	3213.42
429	9555	wins	3205.93
430	9419	rear	3198.47
431	9381	2001	3191.05
432	9365	2003	3183.67
433	9362	toyota	3176.31
434	9319	list	3169.00
435	9294	pro	3161.71
436	9282	v8	3154.46
437	9281	novemb	3147.24
438	9278	martin	3140.05
439	9259	website	3132.90
440	9259	daytona	3125.78
441	9246	german	3118.69
442	9239	стал	3111.64
443	9238	perform	3104.61
444	9192	success	3097.62
445	9123	этап	3090.66
446	9099	remain	3083.73
447	9034	эт	3076.83
448	9020	kart	3069.96
449	9019	2002	3063.13
450	8978	produc	3056.32
451	8962	bull	3049.54
452	8948	teamm	3042.80
453	8912	minute	3036.08
454	8908	numb	3029.39
455	8901	hav	3022.73
456	8877	hill	3016.11
457	8871	change	3009.51
458	8871	michael	3002.93
459	8801	late	2996.39
460	8792	e	2989.88
461	8737	mph	2983.39
462	8727	fail	2976.94
463	8659	compete	2970.51
464	8645	take	2964.10
465	8633	stage	2957.73
466	8604	gran	2951.38
467	8550	so	2945.06
468	8548	retir	2938.77
469	8533	endur	2932.50
470	8469	jr	2926.26
471	8454	raceway	2920.05
472	8410	zwei	2913.86
473	8340	temporada	2907.70
474	8301	down	2901.57
475	8296	stock	2895.46
476	8282	ist	2889.38
477	8276	earn	2883.32
478	8242	r	2877.29
479	8203	wurden	2871.28
480	8183	came	2865.30
481	8137	nur	2859.34
482	8117	sprint	2853.41
483	8111	1990	2847.50
484	8091	allow	2841.62
485	8088	alfa	2835.76
486	8047	there	2829.93
487	8040	sign	2824.11
488	8031	1999	2818.33
489	8017	22	2812.56
490	7982	feature	2806.82
491	7930	pit	2801.11
492	7904	single	2795.41
493	7838	south	2789.74
494	7795	calendar	2784.10
495	7787	manag	2778.47
496	7746	чт	2772.87
497	7716	january	2767.29
498	7712	junior	2761.73
499	7700	north	2756.20
500	7690	100	2750.69
501	7684	appear	2745.20
502	7647	serie	2739.73
503	7641	трасс	2734.28
504	7634	indianapoli	2728.86
505	7620	still	2723.45
506	7615	french	2718.07
507	7593	romeo	2712.71
508	7584	complet	2707.37
509	7573	um	2702.05
510	7567	found	2696.75
511	7551	course	2691.48
512	7551	1997	2686.22
513	7533	1998	2680.98
514	7533	wagen	2675.77
515	7530	d	2670.57
516	7516	m	2665.40
517	7491	ps	2660.24
518	7472	мир	2655.10
519	7471	tyre	2649.99
520	7468	just	2644.89
521	7467	tot	2639.82
522	7465	went	2634.76
523	7432	pass	2629.72
524	7410	t	2624.70
525	7407	john	2619.70
526	7396	see	2614.72
527	7378	23	2609.76
528	7374	sixth	2604.82
529	7362	make	2599.89
530	7326	waren	2594.99
531	7325	light	2590.10
532	7319	drove	2585.23
533	7316	ran	2580.38
534	7264	durch	2575.55
535	7233	sever	2570.74
536	7225	train	2565.94
537	7215	weltmeisterschaft	2561.16
538	7209	she	2556.40
539	7204	february	2551.66
540	7142	type	2546.93
541	7130	saw	2542.23
542	7125	alonso	2537.54
543	7122	next	2532.86
544	7116	main	2528.21
545	7113	nder	2523.57
546	7106	divis	2518.95
547	7104	support	2514.34
548	7072	use	2509.75
549	7068	day	2505.18
550	7057	weekend	2500.63
551	7038	can	2496.09
552	7035	1996	2491.57
553	7034	although	2487.06
554	7034	28	2482.57
555	7026	anoth	2478.10
556	7022	grid	2473.64
557	7003	chevrolet	2469.20
558	7003	200	2464.77
559	6979	constructor	2460.36
560	6976	some	2455.97
561	6964	small	2451.59
562	6916	круг	2447.23
563	6910	1980	2442.88
564	6902	line	2438.55
565	6898	such	2434.24
566	6887	1970	2429.94
567	6881	vettel	2425.65
568	6877	ord	2421.38
569	6861	show	2417.12
570	6855	offici	2412.88
571	6853	но	2408.66
572	6849	26	2404.45
573	6846	qualifi	2400.25
574	6842	premio	2396.07
575	6839	continu	2391.90
576	6835	australia	2387.75
577	6818	claim	2383.61
578	6804	stadium	2379.49
579	6796	seven	2375.38
580	6789	against	2371.28
581	6775	сайт	2367.20
582	6773	seine	2363.13
583	6766	b	2359.08
584	6746	1994	2355.04
585	6741	l	2351.02
586	6733	über	2347.00
587	6725	втор	2343.01
588	6700	verstappen	2339.02
589	6694	1991	2335.05
590	6693	audi	2331.09
591	6688	now	2327.15
592	6659	noch	2323.22
593	6654	decemb	2319.30
594	6640	them	2315.39
595	6630	america	2311.50
596	6590	entr	2307.62
597	6587	hp	2303.76
598	6583	c	2299.91
599	6566	eight	2296.07
600	6565	drei	2292.24
601	6559	1992	2288.43
602	6534	1995	2284.62
603	6488	как	2280.84
604	6481	call	2277.06
605	6466	tak	2273.30
606	6451	konnte	2269.54
607	6448	27	2265.81
608	6441	indy	2262.08
609	6433	profession	2258.36
610	6421	prototype	2254.66
611	6414	arca	2250.97
612	6381	host	2247.29
613	6347	ег	2243.63
614	6346	1993	2239.97
615	6321	home	2236.33
616	6319	previou	2232.70
617	6311	до	2229.08
618	6300	1989	2225.48
619	6278	receiv	2221.88
620	6270	report	2218.30
621	6256	fuhr	2214.72
622	6248	stop	2211.16
623	6240	nat	2207.61
624	6239	classific	2204.08
625	6235	could	2200.55
626	6234	side	2197.04
627	6217	noffici	2193.53
628	6202	naft	2190.04
629	6200	trophy	2186.56
630	6183	50	2183.09
631	6150	despite	2179.63
632	6150	сери	2176.18
633	6145	air	2172.74
634	6132	kam	2169.31
635	6129	aber	2165.90
636	6115	más	2162.49
637	6113	brabham	2159.10
638	6103	brand	2155.71
639	6095	побед	2152.34
640	6077	машин	2148.97
641	6076	1988	2145.62
642	6054	dos	2142.28
643	6041	1960	2138.95
644	6039	пилот	2135.63
645	5979	busch	2132.32
646	5970	räikkönen	2129.02
647	5938	david	2125.72
648	5935	fuel	2122.44
649	5930	automobile	2119.17
650	5921	cc	2115.91
651	5919	co	2112.66
652	5913	гонщик	2109.42
653	5908	go	2106.19
654	5900	класс	2102.97
655	5897	посл	2099.76
656	5889	west	2096.56
657	5883	victoria	2093.37
658	5869	isbn	2090.19
659	5855	dist	2087.02
660	5850	такж	2083.85
661	5848	от	2080.70
662	5843	indycar	2077.56
663	5835	29	2074.43
664	5835	japan	2071.30
665	5822	loc	2068.19
666	5813	her	2065.08
667	5792	differ	2061.99
668	5781	ita	2058.90
669	5779	short	2055.82
670	5769	litre	2052.75
671	5768	англ	2049.69
672	5761	ab	2046.64
673	5727	force	2043.60
674	5717	around	2040.57
675	5713	senna	2037.55
676	5690	crew	2034.53
677	5686	очк	2031.53
678	5668	prost	2028.53
679	5663	limit	2025.54
680	5640	head	2022.56
681	5636	safety	2019.59
682	5617	market	2016.63
683	5609	seventh	2013.68
684	5609	sponsor	2010.74
685	5598	zur	2007.80
686	5583	factory	2004.87
687	5564	alongside	2001.96
688	5560	europe	1999.05
689	5546	statist	1996.15
690	5531	contest	1993.25
691	5529	к	1990.37
692	5499	ndie	1987.49
693	5493	сво	1984.62
694	5481	japanese	1981.76
695	5468	1987	1978.91
696	5457	da	1976.07
697	5457	dass	1973.23
698	5447	plac	1970.41
699	5445	rookie	1967.59
700	5443	many	1964.78
701	5438	able	1961.97
702	5402	1000	1959.18
703	5393	monaco	1956.39
704	5384	score	1953.61
705	5378	1985	1950.84
706	5371	250	1948.08
707	5364	nam	1945.32
708	5357	wie	1942.58
709	5351	attempt	1939.84
710	5343	releas	1937.10
711	5333	oval	1934.38
712	5307	summary	1931.66
713	5296	featur	1928.95
714	5289	finishe	1926.25
715	5279	france	1923.56
716	5273	nnote	1920.87
717	5268	nen	1918.19
718	5258	runden	1915.52
719	5255	oper	1912.86
720	5253	zweiten	1910.20
721	5239	schedule	1907.55
722	5226	category	1904.91
723	5217	1986	1902.27
724	5187	east	1899.65
725	5167	wrc	1897.03
726	5161	control	1894.41
727	5144	mid	1891.81
728	5137	seinem	1889.21
729	5135	lit	1886.62
730	5131	furth	1884.03
731	5130	suff	1881.46
732	5128	maserati	1878.89
733	5120	near	1876.32
734	5120	introduc	1873.77
735	5100	40	1871.22
736	5099	motocross	1868.67
737	5096	31	1866.14
738	5082	unt	1863.61
739	5078	año	1861.09
740	5075	life	1858.57
741	5063	seinen	1856.06
742	5060	1984	1853.56
743	5056	1950	1851.07
744	5041	problem	1848.58
745	5038	these	1846.10
746	5026	germany	1843.62
747	5022	400	1841.16
748	5020	machine	1838.70
749	5019	half	1836.24
750	5015	us	1833.79
751	5014	per	1831.35
752	5011	army	1828.91
753	5008	1983	1826.49
754	5003	launch	1824.06
755	4998	врем	1821.65
756	4991	paul	1819.24
757	4985	erste	1816.83
758	4950	aston	1814.44
759	4940	city	1812.05
760	4918	mill	1809.66
761	4907	1982	1807.29
762	4898	background	1804.91
763	4898	mak	1802.55
764	4885	diese	1800.19
765	4881	using	1797.84
766	4880	suspens	1795.49
767	4875	1968	1793.15
768	4873	carlo	1790.81
769	4872	spa	1788.48
770	4871	accid	1786.16
771	4871	any	1783.84
772	4869	jahre	1781.53
773	4867	pair	1779.23
774	4860	gewann	1776.93
775	4859	miss	1774.64
776	4838	avail	1772.35
777	4836	old	1770.07
778	4834	tri	1767.79
779	4828	age	1765.53
780	4827	driven	1763.26
781	4825	switch	1761.00
782	4824	na	1758.75
783	4821	once	1756.51
784	4808	gt3	1754.27
785	4808	двигател	1752.03
786	4806	hold	1749.80
787	4806	dies	1747.58
788	4800	3rd	1745.36
789	4797	300	1743.15
790	4782	ii	1740.94
791	4764	jedoch	1738.74
792	4759	respective	1736.55
793	4759	max	1734.36
794	4747	meet	1732.17
795	4736	2nd	1729.99
796	4734	sieg	1727.82
797	4730	1981	1725.65
798	4709	promot	1723.49
799	4700	flag	1721.33
800	4683	low	1719.18
801	4676	stewart	1717.03
802	4674	1973	1714.89
803	4672	1977	1712.76
804	4672	1976	1710.63
805	4671	major	1708.50
806	4656	richard	1706.38
807	4654	origin	1704.27
808	4647	motogp	1702.16
809	4638	right	1700.05
810	4634	gab	1697.96
811	4631	nhe	1695.86
812	4628	scuderia	1693.77
813	4626	i	1691.69
814	4620	sportscar	1689.61
815	4617	retire	1687.54
816	4615	along	1685.47
817	4611	también	1683.41
818	4604	1979	1681.35
819	4603	1969	1679.30
820	4602	fahrzeug	1677.25
821	4598	vom	1675.21
822	4597	werden	1673.17
823	4596	fast	1671.13
824	4594	level	1669.11
825	4593	corn	1667.08
826	4593	monza	1665.07
827	4589	nfor	1663.05
828	4575	mechan	1661.04
829	4567	sold	1659.04
830	4559	consist	1657.04
831	4555	man	1655.05
832	4554	include	1653.06
833	4548	jean	1651.07
834	4544	act	1649.09
835	4538	silverstone	1647.12
836	4526	lo	1645.15
837	4524	regul	1643.18
838	4513	Ссылк	1641.22
839	4512	modifi	1639.27
840	4500	battle	1637.31
841	4498	rosberg	1635.37
842	4494	zeit	1633.43
843	4484	eighth	1631.49
844	4473	1975	1629.55
845	4472	1974	1627.63
846	4471	1978	1625.70
847	4467	1971	1623.78
848	4455	turbo	1621.87
849	4451	move	1619.96
850	4449	schedul	1618.05
851	4435	ende	1616.15
852	4432	usa	1614.25
853	4429	60	1612.36
854	4423	gp2	1610.47
855	4421	edit	1608.59
856	4415	electr	1606.71
857	4414	imsa	1604.84
858	4410	dropp	1602.97
859	4401	juventu	1601.10
860	4395	way	1599.24
861	4394	previous	1597.38
862	4390	bereit	1595.53
863	4387	cylind	1593.68
864	4380	hora	1591.83
865	4373	average	1589.99
866	4373	caus	1588.16
867	4373	ging	1586.33
868	4362	van	1584.50
869	4350	decid	1582.67
870	4335	hand	1580.86
871	4330	tire	1579.04
872	4324	wied	1577.23
873	4320	chief	1575.42
874	4318	br	1573.62
875	4312	football	1571.82
876	4311	нов	1570.03
877	4308	saub	1568.24
878	4297	broth	1566.45
879	4287	vuelta	1564.67
880	4283	beiden	1562.89
881	4279	kg	1561.12
882	4278	1972	1559.35
883	4264	standard	1557.58
884	4263	row	1555.82
885	4263	результат	1554.06
886	4257	england	1552.31
887	4257	barrichello	1550.56
888	4254	одн	1548.81
889	4248	button	1547.07
890	4239	vari	1545.33
891	4234	lost	1543.60
892	4227	jahr	1541.87
893	4214	benz	1540.14
894	4214	failure	1538.42
895	4194	primera	1536.70
896	4186	victor	1534.98
897	4185	winston	1533.27
898	4184	defend	1531.56
899	4182	locat	1529.86
900	4181	indica	1528.16
901	4180	während	1526.46
902	4175	era	1524.77
903	4168	große	1523.08
904	4165	nissan	1521.40
905	4160	clos	1519.72
906	4151	spanish	1518.04
907	4150	gun	1516.37
908	4148	sowie	1514.70
909	4142	about	1513.03
910	4139	replace	1511.37
911	4139	punkten	1509.71
912	4138	street	1508.05
913	4125	like	1506.40
914	4123	current	1504.75
915	4119	1966	1503.11
916	4117	penalty	1501.47
917	4101	straight	1499.83
918	4087	because	1498.20
919	4073	1967	1496.57
920	4063	villeneuve	1494.94
921	4063	vier	1493.32
922	4061	superbike	1491.70
923	4049	м	1490.08
924	4046	statt	1488.47
925	4043	так	1486.86
926	4042	coche	1485.25
927	4041	fami	1483.65
928	4038	star	1482.05
929	4029	nel	1480.46
930	4025	achiev	1478.86
931	4015	mike	1477.28
932	4014	director	1475.69
933	4008	individu	1474.11
934	4007	robert	1472.53
935	4002	body	1470.96
936	4000	service	1469.38
937	3984	build	1467.82
938	3980	heat	1466.25
939	3977	great	1464.69
940	3974	given	1463.13
941	3974	mi	1461.58
942	3970	supercar	1460.03
943	3968	andretti	1458.48
944	3957	week	1456.93
945	3955	später	1455.39
946	3946	diesem	1453.85
947	3945	coulthard	1452.32
948	3944	speci	1450.78
949	3944	original	1449.26
950	3929	вс	1447.73
951	3924	beginn	1446.21
952	3921	add	1444.69
953	3917	help	1443.17
954	3916	nürburgring	1441.66
955	3908	же	1440.15
956	3906	pero	1438.64
957	3904	zurück	1437.14
958	3896	На	1435.64
959	3895	minuten	1434.14
960	3895	range	1432.65
961	3894	forc	1431.16
962	3893	contract	1429.67
963	3893	jaguar	1428.19
964	3889	death	1426.71
965	3888	weblink	1425.23
966	3881	jame	1423.75
967	3874	son	1422.28
968	3873	similar	1420.81
969	3865	nine	1419.34
970	3861	90	1417.88
971	3857	гоночн	1416.42
972	3856	away	1414.96
973	3853	techn	1413.51
974	3850	memb	1412.06
975	3850	45	1410.61
976	3847	tenth	1409.16
977	3827	across	1407.72
978	3826	without	1406.28
979	3823	mehr	1404.85
980	3819	issue	1403.41
981	3818	got	1401.98
982	3811	75	1400.55
983	3807	ninth	1399.13
984	3804	allerd	1397.71
985	3799	box	1396.29
986	3799	few	1394.87
987	3798	o	1393.46
988	3796	pet	1392.05
989	3782	fim	1390.64
990	3781	Примечани	1389.24
991	3775	mast	1387.83
992	3771	associ	1386.44
993	3748	piquet	1385.04
994	3748	very	1383.65
995	3740	чемпион	1382.26
996	3735	lewi	1380.87
997	3735	jone	1379.48
998	3734	hint	1378.10
999	3733	j	1376.72
1000	3721	injur	1375.34
